rain_rate_[mm/h]	iwc_[kg/m2]
12.312705401312579	
12.312705401312579	
12.312705401312579	
12.312705401312579	
12.187400112063592	
12.237692742234227	
12.237652083621757	
12.212609361148068	
12.187486123950448	
12.212537809531018	
12.162158766903014	
12.187304175121643	
12.212549918291172	
12.136958731155698	
12.162305685673676	
12.212590647682516	
12.312705401312579	
12.212545515106838	
12.312705401312579	
12.312705401312579	
12.111705427936174	
12.136931619415712	
12.187361516819026	
12.237637248694119	
12.312705401312579	
12.312705401312579	
12.312705401312579	
12.312705401312579	
12.312705401312579	
12.312705401312579	
12.312705401312579	
12.312705401312579	
12.312705401312579	
12.312705401312579	
12.262661344893706	
12.212538910327815	
12.312705401312579	
12.312705401312579	
12.312705401312579	
12.312705401312579	
12.312705401312579	
12.212799246410166	
12.18773202689317	
12.112295166875459	
11.909183110374354	
11.93457956	
12.011683623944949	
12.06119635857288	
12.162416149924686	
12.086700618708617	
12.061517307106664	
12.087168685524716	
11.908986883308206	
11.781769998912369	
11.911852426057118	
11.755622435717134	
11.624545730212207	
11.963915217675282	
11.680077335122695	
11.58278783253438	
11.523055790441438	
11.337575461871296	
11.52638622031394	
11.605064358770395	
11.859235048359407	
12.162652540566592	
11.835572136419248	
12.038310262681483	
12.012581714336731	
12.063547959350513	
11.911108126971625	
11.63040677886542	
11.611980939430754	
11.376544915619162	
11.430107764431488	
11.60943028922079	
11.494507594475294	
11.453891506646634	
11.52725323547294	
11.577448272855579	
11.523312495512922	
11.653867803754839	
11.704502151854973	
11.678812943737313	
11.754820874959934	
12.086373573588839	
12.212595050853066	
12.187557800130053	
12.312705401312579	
12.312705401312579	
12.312705401312579	
12.312705401312579	
12.312705401312579	
12.312705401312579	
12.312705401312579	
12.312705401312579	
12.312705401312579	
12.312705401312579	
12.312705401312579	
12.312705401312579	
12.312705401312579	
12.312705401312579	
12.312705401312579	
12.312705401312579	
12.312705401312579	
12.237628457618701	
12.23764768808923	
12.212682013195897	
12.312705401312579	
12.312705401312579	
12.312705401312579	
12.312705401312579	
12.312705401312579	
12.187402317503011	
11.961307282935012	
12.014652296460746	
12.212765672676255	
12.312705401312579	
12.312705401312579	
12.138087972554088	
12.23776142206297	
12.212687517123998	
12.212625873009268	
12.137308965960392	
11.96234076829265	
12.039834511919553	
12.088277992537282	
11.888268672959605	
11.787287980295938	
11.680800363983044	
11.728975569861321	
11.730866950019387	
11.939032272652321	
11.992220327395465	
12.049362379259625	
11.990631697343176	
11.989645561424402	
11.75506305351641	
11.327116407487626	
11.544761479783478	
11.541598942236794	
11.415311292164052	
11.532918108997073	
11.631581556373176	
11.580929529281343	
11.50706404	
11.206318840187546	
11.337577806559969	
11.076594705979852	
11.016330606159222	
11.520960340860825	
11.51543568782436	
11.114090134475235	
10.910812572776823	
10.83619477235057	
10.805441990986003	
10.752871053077687	
11.184485075136273	
10.910038674594338	
10.99947711748755	
11.145260512977739	
11.147821165508669	
11.31699613	
11.570356342304237	
11.611837908771035	
11.711362679648554	
11.7681827	
11.798074257735843	
12.154101339403415	
12.212654493523884	
12.044724822241825	
12.095569068277317	
12.111781363731577	
12.027660469483394	
12.061175777570858	
12.06145389670463	
12.17928511395615	
12.196146432576638	
12.078418349177172	
11.910538632865446	
11.808600184935136	
11.943778604990175	
11.927906543413288	
11.857445676552592	
11.92897223690772	
11.705844064496398	
11.574281782113905	
11.469857235453755	
11.863750065357566	
11.964382869826096	
11.725791362366774	
11.589091402090084	
11.41466379777959	
11.566615352026872	
11.891480165368293	
11.831655799002396	
11.76234804	
11.883614533487515	
11.458849345929035	
11.200359191958366	
11.537487354277049	
11.775191738340746	
11.85252499	
11.528048528803785	
11.623586724247094	
11.64220219199144	
11.696602651070958	
11.549469287695691	
11.258518148029951	
10.924992475372616	
10.802936723570014	
10.809193171484807	
10.808648113168756	
10.50673112261348	
10.325380647144913	
10.21392819193705	
10.35483700680825	
10.304656930989156	
10.633677608001053	
10.423578789567227	
10.277367126234607	
10.438410498736838	
10.530151722417713	
10.659527501701362	
10.529842200923834	
10.764330745041695	
10.665092136309262	
10.692678310837929	
10.78109629887315	
10.599544042847711	
10.513667089804922	
10.627048917860373	
10.436259630706559	
10.397263228641705	
10.056370418018535	
9.686015926898163	
9.965839528566955	
10.410554702190597	
10.477569760550796	
10.204944515166776	
10.19413203335792	
10.524100927207936	
10.781197229260172	
11.24407195668944	
11.605394236790957	
11.664073543655226	
11.758603721714733	
12.469219979749726	
13.874191224266843	
13.009638582924156	
13.117089867104893	
13.808920440598277	
16.51409127277249	
23.698846751592438	
21.642042686516017	
22.378345316630607	
19.606603981447456	
18.751020763875207	
20.149871270598496	
30.177224000546744	
29.271778134625535	
29.37744960277656	
23.56336159197666	
23.325957288563785	
25.434230741290794	
25.174758808566914	
27.60303804757471	
31.01936531344275	
22.29518603534873	
20.128360923019997	
19.01465602	
23.93012253200415	
20.812741041681615	
21.464085987740738	
27.399175643486764	
25.61496507114392	
24.56575232557276	
28.436025069344446	
30.399519287987008	
24.339990515380908	
24.187488098015454	
21.636827949741715	
20.918181674690484	
17.598995607574256	
16.443752002534257	
16.844189527751215	
16.312439353651083	
16.425460969424194	
19.414285695806978	
17.260171088104055	
16.233321992886516	
17.73952322715467	
15.207290541964761	
17.902081314567553	
18.01100365974513	
19.03665970152939	
16.516120561805806	
19.853633710276874	
23.83748492905161	
16.242471806992107	
13.216100977784317	
12.497538432524777	
11.813294571429305	
11.564523717335845	
11.034605443044878	
11.34606324659933	
12.370601312808496	
13.391591019286759	
14.290316128718802	
15.515996502799421	
16.777934270191263	
19.525995282405635	
20.63494013063778	
21.640209860830453	
21.820995686778165	
21.328568388586316	
20.061249619659023	
21.93164657865817	
24.680426478635617	
23.051577014861792	
29.23168732651122	
28.44256161858647	
30.224445109965206	
28.02966265136859	
24.578604074884552	
21.275899888780156	
18.917746292683237	
20.29288967627199	
25.968054813959277	
29.575031016986397	
36.562581151043865	
22.397109128807568	
18.061778455911767	
15.238181993463385	
18.286104316440284	
18.906196382967924	
20.187849734324022	
20.558533384043248	
20.129541023439067	
18.056220299127407	
19.57924444473202	
19.97475359041472	
18.262453390774745	
18.11479446452854	
19.630500790991626	
18.15570199087012	
15.614260514601096	
17.156614327987754	
18.216137632347735	
16.48432029515839	
19.106723731476134	
20.212069004299046	
19.746059166507827	
17.491977013829864	
16.33095993842059	
16.389538007431987	
17.36985854070159	
19.21313495	
19.377596647330623	
19.31526118	
18.471907836150912	
20.40307528753484	
21.170201465997184	
22.09379442702946	
21.47586037437365	
21.642814246763464	
21.729488463340406	
22.380703201039758	
23.77140942384086	
27.002210936261662	
22.303616066079282	
20.926048005015087	
19.07157029704371	
18.67016925657629	
17.232501099969458	
17.64260321456378	
19.16643469738218	
16.200364843122355	
18.53168946834925	
18.757534804800702	
19.310130379320572	
24.57720632209404	
19.845361784101687	
18.88189044	
19.55379809959156	
19.62028763704949	
16.554824808916365	
19.37136512192939	
17.85972563675608	
16.663264540333376	
19.049995024296262	
20.287886301161954	
18.82966456622066	
20.965338072760293	
19.597196093037418	
18.000540137283323	
16.218693547887785	
18.531312151696298	
19.94568671918585	
27.482658348307254	
30.626105724456327	
23.659936116353286	
21.174121841388537	
19.27908323	
18.15020052185158	
19.886667145011533	
18.709624959815528	
18.027662703514824	
19.81857464742547	
19.746108201288724	
20.214206301932936	
19.69854386	
20.82639060399582	
20.15443397960976	
20.195822980153935	
20.136129625550208	
20.704293296698292	
21.493398993629285	
21.551681252080517	
21.195092610365126	
20.93444808504695	
21.008718744083282	
21.12581613516167	
20.116574942382847	
20.337868089261875	
19.917757800417277	
18.551180023964598	
19.335004756555605	
18.95273403414342	
18.979047309354666	
19.21283354011481	
20.215334747526075	
20.158630547042954	
19.13033257449189	
16.93782587	
16.48132919546688	
15.927773873839275	
16.772284458881337	
21.281230376807677	
17.28568000426923	
16.36019347346935	
17.07585290901094	
18.379521246450956	
18.185956815055235	
18.325699697630437	
18.581831500295987	
20.218054109618006	
26.37875715239471	
27.449648318434278	
34.491988497771864	
26.833463994841228	
27.42279646352441	
27.969685133776277	
25.525453276244473	
24.403144427962985	
22.54369397571644	
24.751106687342737	
26.27909678231287	
25.990982006608718	
26.32344859956483	
27.40587756479058	
26.14514341115219	
25.95851258	
25.1957029	
24.709672699382317	
24.726410440849744	
23.773106706824077	
20.70426637967807	
20.07767259246704	
17.768016460362492	
17.355268741124835	
16.677848241759857	
18.788538513278617	
18.034182243656034	
17.526809017221055	
16.097003253049763	
17.116859268095368	
18.87058513240347	
12.044525753961045	
13.67892302853374	
16.14231075	
18.350114431610198	
13.561060278896415	
17.58350291	
19.67872813011199	
33.86838489202258	
50.76099768968105	
80.71806778670016	
39.243381539998275	
104.03845910652669	
34.57027940801539	
30.580377149295042	
22.214685580505044	
19.03350400750786	
24.844176573886642	
17.031281377721932	
14.601319769608372	
15.075568660143432	
16.26904008054774	
14.84096049718462	
15.625066678104165	
16.727762043376632	
17.035201863790284	
16.452230039040042	
16.32954550700337	
17.70418425333368	
21.545400480801725	
24.14578048749325	
19.346610290311272	
15.604625575934426	
14.479329688700076	
13.490463813930907	
13.883713686268177	
16.308349673464047	
21.44750321002022	
18.68018987572208	
18.093428075109887	
20.498676553003346	
20.369295229015286	
23.555825571444828	
22.530433087451666	
19.377506955915713	
25.878657249642373	
20.36452479210352	
29.02965840798554	
15.495967301309513	
16.07062317679857	
24.86059437770235	
21.30859066573401	
21.73334887477998	
17.820468329565184	
20.172467083451288	
28.436251363271953	
28.711768282129345	
29.768923534603864	
24.719290316178018	
21.852311474373792	
19.871758817466045	
19.919299936783375	
20.256851126933014	
25.958812183231817	
25.894442255812713	
22.43998603633298	
22.202512795204974	
16.91131543943553	
15.000169011827241	
18.112578578019043	
20.981891979138073	
60.08212006051592	
133.21511392453803	
574.2540455420855	
40.598185694498326	
54.19356629509171	
204.52685246384488	
81.75253928239722	
36.24048218494834	
36.90908383342494	
23.880621499596085	
26.09303418817015	
86.72861403475014	
113.74185089254603	
49.23453131055726	
30.86514660936339	
19.129116605675446	
22.025459784249875	
16.922419665495067	
25.66483304825426	
24.72368942	
27.29817619237894	
24.325446403944614	
24.93304702974835	
24.764283269669917	
17.765231561295455	
19.314434474774885	
22.92808008	
27.836721383255075	
22.949009115029803	
35.72919601636192	
33.84022148411009	
29.58443450859925	
38.99577934470766	
50.27638307104883	
68.58743470757585	
26.387547636501917	
22.523939262206675	
30.387484897144027	
21.346312334305303	
19.101100477213542	
80.56986290496276	
433.1428997587387	
1127.585989044849	
683.0457588812699	
36.83625812260739	
38.876379727209866	
28.012256250647994	
39.31909568942438	
30.497468584980087	
35.865711881180275	
29.661509668916064	
34.24019191	
31.02741128605318	
27.727031027672265	
32.82366658002586	
26.915051386417602	
30.284559247592664	
31.75165802764688	
27.488283205147578	
26.22692252737098	
26.75346516008276	
27.07564446236558	
26.484975421407924	
26.24142014447134	
28.390003749134728	
24.94474562051547	
30.81770118800278	
30.768119655334473	
31.43621276539262	
33.12931896301868	
27.779036231258523	
31.132170745929233	
27.972693086524263	
30.93894322318791	
29.903596787532887	
30.700299158937153	
32.39973478	
28.510765810897414	
29.32404225640556	
32.35832506740586	
30.069944837616365	
27.80383336552494	
32.08822728822732	
30.96109969091879	
28.634450619607744	
32.54284612	
28.118458678954607	
25.412445931994565	
23.98041205413677	
25.537421988842734	
24.449904436380017	
23.609057060791503	
19.195009976321188	
19.457642780299953	
23.582054316743474	
21.717962193362624	
23.68692879	
25.038630509382617	
24.222262646035624	
22.640493367844996	
24.640055302528058	
27.083955675676865	
31.427362577933273	
26.47864579	
26.331155260488682	
24.231002766678532	
23.733018860578312	
21.42325288	
22.787016798340918	
25.467034469737037	
26.54822299	
26.702791849607106	
27.531124087113575	
27.897279575548186	
21.78074126794338	
24.181872288898116	
23.958464548379194	
24.594784705545827	
23.049201138635453	
27.90216978509426	
20.02373211406674	
29.077138282242196	
20.040329184871535	
18.690139221077683	
21.122138143922843	
17.321314527511692	
18.273596930621967	
18.743612444599393	
16.588618222513478	
16.680999806548133	
18.965192698386936	
18.77022430777417	
20.81834334514713	
24.001320689957332	
21.73419036634307	
16.298480487721903	
13.757270631242228	
12.436924619080171	
12.19479862985965	
12.979430826575864	
15.066447717913164	
17.29135034683081	
21.226837137960366	
20.93076133591588	
27.40926953476655	
29.248043801650557	
20.219798016742317	
22.764482104223177	
16.38301548634111	
15.014927596720241	
13.671299169500728	
13.187964761798318	
12.984568220261025	
14.132304957738288	
13.876226542018252	
14.497196290932333	
14.363773059994157	
18.34640089139151	
20.494978571831844	
22.858486271877645	
17.80626421582531	
15.809170161753103	
15.664585836888303	
12.715294233867402	
14.151245013473032	
15.05863702283983	
11.238426000433382	
11.32625535	
10.790148347430277	
10.729083206787571	
10.817703333982603	
12.266876088244635	
15.03184101780724	
11.660095113966177	
11.391720791849094	
12.394146839706295	
12.63151050074818	
12.269176670102809	
11.910685927728107	
11.979030187258592	
11.852009571702098	
11.898386551382723	
11.828749492552031	
11.952054078601158	
11.995773137991135	
11.82565932361049	
11.904562332254182	
11.860871860873102	
11.873707519681744	
12.095899787019444	
11.921595513259016	
11.903196108470194	
11.982181347923708	
12.136404866857927	
11.949085133164253	
11.88903276	
11.800184612603285	
12.011166177489436	
11.692140955252384	
11.433585081157807	
11.672884419796613	
11.758691814801768	
11.810893532922947	
11.719984991444885	
11.824990752710411	
11.70730165	
11.49912625427935	
11.556982714089163	
11.34321325128745	
11.487053482382318	
11.455877068412404	
11.511284358849387	
11.557108441085235	
11.848921718496873	
11.850457543442143	
11.73531104699539	
11.557464276808158	
11.16869277546131	
11.44384068365992	
11.534912360084935	
11.564186501928576	
11.563370255962106	
11.808506177931893	
11.695121098581508	
11.574809389533273	
11.538616432151427	
11.574107252468174	
13.32938367938048	
13.120401287276714	
14.402674366730016	
14.639751000149277	
17.343399698388996	
20.46566781521942	
13.43877465280355	
13.524285266616756	
12.552141513729575	
12.567411166447146	
12.622386356562197	
12.853101399301604	
13.877226305669845	
20.45346362315535	
26.917385921885405	
20.258721520454916	
12.677787633133592	
13.780163493586759	
12.674047516526775	
12.106558751910589	
12.18335406658882	
12.39730711551417	
12.427492492840697	
12.63428275385468	
12.905615661835466	
12.978158334768569	
13.457381248678029	
13.165524253002687	
12.323323604513611	
12.503636953681118	
12.017939028909604	
12.242482132424103	
12.75682481936674	
12.725067852599745	
11.66589315786611	
11.567689003528361	
11.563287821629295	
11.503435315935931	
11.674777204771917	
11.404194664724999	
11.149807617498876	
11.348869752583768	
11.209602160788737	
11.24209608019837	
11.021266160049592	
11.205144886412128	
17.27940398088185	
23.161507366562148	
28.561379964776737	
28.98787117425598	
14.778371322616861	
11.630421601824814	
11.875292568263992	
11.709110499249146	
12.859497208122804	
21.083035919484473	
44.130926405915986	
42.37271455035737	
25.36046230557824	
14.679015452496833	
20.477467850304965	
37.72319286347155	
51.077764745879946	
39.34302751142694	
42.58588520910782	
58.28837306323697	
29.470905001552353	
18.376678039982416	
20.324308068964935	
19.51105788571491	
14.100993017387884	
12.35818703	
13.986737731405857	
14.454986559322531	
14.86306213006594	
12.627718281386345	
12.533985262760064	
12.335101247073453	
12.740994444314214	
13.955425672735752	
13.352798432457508	
12.475656970727385	
12.01312646	
12.021650970483822	
12.246470488481778	
12.460375554742631	
12.424884547614209	
12.495109310936762	
12.191045486658707	
12.07789721405457	
11.946870911177275	
11.84355968986219	
12.011247116961812	
13.739528429625652	
23.379776966815317	
37.694973722251056	
72.03910926252443	
29.125101595512852	
21.373638303186617	
14.486845325131492	
13.237610244376574	
15.006801767930812	
20.916671264052475	
20.074784720532303	
22.481104516641587	
21.862334700750857	
22.22950215365487	
52.00777389028849	
64.09946301206426	
34.96648275715174	
25.661224254902326	
15.855200596938364	
19.697277526140685	
88.40845114061787	
37.083532450695095	
309.5702046143286	
3672.0030659909235	
988.3167482736276	
3954.3775195916865	
183.1993588206108	
219.4583258313118	
62.48605270584874	
36.25250199456331	
45.401376802934834	
40.00972316441259	
298.8601989	
33.546086053706205	
4021.8909520374964	
229.04412314164594	
59.37957702536079	
26.973771298978875	
75.21576639336077	
42.831028346351616	
522.9983809576889	
34.19265502652446	
315.3426763279726	
96.86282079999556	
33.20283898539527	
16.47520464	
13.049162128974968	
15.443200052159881	
18.763219030646514	
13.623012825462133	
14.694630483030423	
14.37794682140282	
14.774105936943652	
13.130952130629046	
13.373085323676966	
19.79322746995142	
20.54559080037409	
15.07123574628072	
30.87109393	
34.26301109600368	
78.33072645	
24.57296814	
250.8447221229621	
265.7084624760994	
20.140113549726408	
19.59543199567841	
12.861784680501884	
16.328007349030344	
14.688790993582058	
13.062482025599406	
12.328047853331496	
12.873706379105915	
15.967662488643995	
20.211758509993153	
20.438535195422723	
19.807314742814157	
18.45611749133185	
20.310243351607973	
25.174424581035264	
16.890365115903492	
22.453317802910767	
28.451725267144816	
26.42133805913681	
23.702252363840536	
29.735584086709917	
47.43971249438898	
55.53018289933242	
29.558404436215124	
41.346051159276804	
48.68111156261466	
57.25079247704549	
57.93915042679978	
45.77778675966092	
33.142593723585414	
35.21466756844624	
43.43503641764134	
31.98575835	
92.73944041059454	
40.69071663471809	
39.755632550357944	
55.51380987728565	
68.80249959	
50.15795228628007	
30.74237624691962	
42.60422348182744	
43.86184789431736	
30.28749857	
33.528963324494036	
73.27790963919772	
48.97032362050398	
54.87000620464202	
51.010192238731335	
41.154840867441116	
37.307267549757796	
33.71809168	
37.251774808917936	
55.161132694086675	
34.91377504299893	
28.65342448426897	
28.409240747141467	
36.567536913614916	
33.09338714056263	
44.42606400161076	
48.35738334475167	
34.37761635645956	
39.244827093045494	
28.50169939533649	
25.350535310442737	
28.39662266292132	
30.64182690439716	
38.64835407266075	
41.93306399	
61.72491746535947	
46.07468177205928	
30.667409474715473	
37.24040117630144	
28.998260132435334	
28.84023211	
36.11913987646998	
37.33916555527503	
29.81699042899786	
35.30455875572644	
30.411133507276777	
26.714647888354612	
40.47288061544159	
28.97248429868057	
44.78910667701338	
26.094355894124526	
27.13280797953684	
25.172749221366427	
21.43076386998252	
21.199141197004923	
24.381546992320587	
19.023914591527344	
19.216291495921823	
17.277406262739234	
15.078716965037385	
13.615079524021183	
12.23319084579813	
12.41247014567109	
12.77123851001574	
12.103038498021114	
11.738220016887572	
13.168569370427933	
13.597698313247715	
14.10704503863008	
11.987319556793413	
11.105940519369598	
10.81040832668735	
10.343554770949554	
12.03955481322722	
14.336807349334618	
16.014433255057337	
16.234575078626328	
13.98478984829096	
12.613107047652637	
11.920406788693024	
11.450360773230695	
12.40628133374457	
13.297200898999973	
12.579559147074995	
11.791912586615693	
11.540632210198353	
13.55247813948165	
13.649990579417745	
14.340307480129376	
20.545685964563397	
21.660818841279315	
22.56349385753417	
19.07491191683893	
18.03877262006149	
16.258367801133627	
14.353361944359774	
13.539237928329417	
13.832253264503457	
14.719570536553842	
18.473127649007854	
18.551254185740923	
17.417915734424547	
18.799161100974583	
23.992477316448927	
24.857850885687316	
26.65367417	
24.490434626272844	
27.22230445050707	
29.97161726704482	
28.359593124530583	
25.141887667946555	
25.52582892654587	
23.389081889113925	
16.107840227831755	
13.004280725530968	
15.105455958657947	
13.88910556756036	
12.132802289783944	
12.590815577805996	
12.704498865773614	
12.092069417037228	
11.161922587582524	
9.971920881999644	
10.103394316944504	
9.988713507669909	
9.915596717	
9.871257680654983	
9.586764792646132	
10.038866987577684	
9.408315861697625	
9.352185298098275	
9.867752534635914	
10.329107733362884	
10.26006520925831	
10.118426451644243	
10.130989089190821	
10.107697789924238	
10.178054675124462	
10.388181727749378	
10.515938234276794	
10.344398748309956	
10.403047982082608	
10.28307589265078	
10.360537430108229	
10.845766319807678	
10.174501135833971	
9.785271595	
10.16929676	
9.958775042	
10.137849645448552	
10.234051188641946	
10.327021974274194	
10.206629144370938	
10.230702775030979	
10.689650388120674	
10.37098341918655	
10.643260362772365	
10.543486279169445	
11.14229367182358	
11.677901160997406	
11.129910532153113	
10.932727050105292	
10.647877148095125	
10.35081954818678	
11.088108416843248	
11.190780232146922	
11.205129493487114	
11.002875778656922	
10.784357474758155	
11.292752593231738	
10.621171290766192	
10.27769263122925	
10.460586373298964	
10.817355884958827	
10.63570055547547	
10.260505362211909	
10.204209458587504	
10.55097804555199	
10.811158362039526	
11.055398682990345	
10.962288684982617	
11.2127894	
11.718092693618313	
12.405732676396765	
12.150174853440344	
13.032927541360374	
11.974775873665369	
11.982128769074118	
12.535512783186732	
12.803174562543685	
12.537945981177407	
12.501717251808744	
12.409395624984903	
12.214319889478547	
12.135032563367757	
11.798856327708693	
11.736077303204578	
11.374496188622123	
11.448871970817027	
11.392965526006433	
11.197599021180478	
10.848445144134194	
10.619753187221523	
10.383188202529624	
10.218027044135527	
10.251774587646429	
10.079527090902815	
9.848670644038997	
9.836463731	
10.001923780422871	
10.170836009335693	
9.922191765	
9.845483045	
9.686197775332696	
9.476367108789075	
9.385550642150127	
9.465813342253071	
9.559179868	
9.594612975	
9.535640208651875	
9.523704801299402	
9.619438798402896	
9.874981525966165	
10.122373495881256	
10.29326971774883	
10.310418328464737	
10.205095109715026	
10.108288265556112	
10.193299457526244	
9.798592477144624	
10.055800720522612	
10.121298449208934	
9.680505518961077	
9.662525459	
9.536290077173087	
9.757804889852308	
9.556364924721269	
9.689953989943405	
9.787941049730112	
9.751513390708107	
9.901103314	
10.042604702086638	
10.020569742063566	
10.061116402074044	
10.127003609063088	
10.26011113900958	
10.20822064307805	
10.534060640164135	
10.120193618599025	
10.542910282202547	
10.26139199858822	
10.090599438684114	
10.203506402615348	
10.018908769320594	
10.092557032572907	
10.100412637637671	
10.139421289005343	
10.088878353483238	
10.23243368252325	
10.325599545829805	
10.529469017585022	
10.66034765568893	
10.697085520382007	
10.688245530268496	
10.72891390767697	
10.663323353054839	
10.690544363157896	
10.496500415467223	
10.389585533997028	
10.501774752876653	
10.733143955172944	
10.906703961666256	
10.739504177536297	
10.676780849719739	
10.763571211594403	
10.843772964411382	
11.164331536412346	
11.183589079985772	
10.852599195475268	
10.867709846038347	
10.772745053567046	
10.861547001900849	
10.768370210214488	
10.715365546285746	
10.720515337082126	
10.489055218849652	
10.212868358835932	
10.321831401905708	
10.320438835635546	
10.199476337481592	
10.136915840655497	
10.310082898906119	
10.509431716748727	
10.648237540887228	
10.814969480995222	
10.952934430905087	
11.331886623835379	
11.46385066340284	
11.984340827356519	
12.187365927709362	
12.060876515315465	
11.959188541513642	
12.010820644476746	
11.93565260106238	
11.910559996338138	
11.86166396202987	
11.734015260274248	
11.684252089954096	
11.711642116797144	
11.685729667524647	
11.764223509324674	
11.70934657	
11.73358254527008	
11.469645372930339	
11.01138056	
11.202850550914635	
11.34044856972558	
11.400957124724691	
11.460557122395338	
11.56733689202173	
11.192759631362819	
11.16270424	
11.137046530076052	
11.079794606490315	
11.188536159271816	
11.298085978133052	
11.407713658435954	
11.356272435083707	
11.431420449084232	
11.398884106868815	
11.371398247092936	
11.34696382066051	
11.243710098711816	
11.137216132542184	
11.145029161487034	
11.065799651990641	
11.229985860625755	
11.094562706561536	
11.012174857549262	
11.068025302719589	
11.071154333282744	
11.10595326396995	
11.13631692	
11.02749493177954	
11.051959799922871	
10.993928629680115	
11.021069830546969	
11.096329795926595	
11.223307899736321	
11.218609204213067	
11.106845017886682	
11.272650019674503	
11.273808592678133	
11.277627576503452	
11.27611483638931	
11.243035351862055	
11.269332774215332	
11.32211327188093	
11.24017778	
11.241875273815515	
11.191373490397153	
11.189504725598828	
11.080680971376395	
11.141945672472543	
11.281692103780236	
11.27837240095127	
11.111307648219737	
11.05475134146782	
10.994743246167264	
10.990781587922099	
10.905178039496422	
10.93249189449504	
10.823444318858758	
10.742205431720457	
10.77311904324371	
10.880860028211526	
11.071882199530243	
10.907384177544099	
10.967683130392322	
10.970603731404305	
10.951255813828778	
10.876455868227788	
10.936446049752572	
10.948667745153342	
11.040521478537354	
11.093009142567334	
10.998734970180504	
10.794533187338178	
10.682673851873018	
10.684042346018238	
10.74541158048249	
10.668076587599279	
10.615422301024982	
10.632186643622932	
10.799706565342174	
10.629777455167137	
10.572231080565311	
10.686706168704903	
10.493444639505423	
10.511077415581417	
10.508856639486401	
10.558456592099098	
10.681747876559905	
10.615440894377306	
10.607959800817603	
10.797025443885742	
10.992385290605453	
11.05246293241134	
10.892019375638236	
10.893950680961504	
10.921123750644306	
10.891140641822737	
10.88452546886244	
10.964272819070688	
11.022696814346514	
11.003027891846866	
11.052508452965137	
11.017877709571527	
11.044886338795093	
11.019212058574363	
11.04528786610314	
10.987141380009664	
11.094070744666643	
11.308163016860217	
11.44101983139673	
11.38840911	
11.574185013476775	
11.440872665616288	
11.253528123835906	
11.388222245082789	
11.256387546699516	
11.15018275630884	
11.339167410946745	
11.473512357847927	
10.934375437149711	
10.88140505560938	
10.934538632335599	
10.986095112760326	
10.929715041633493	
11.0123581	
11.040448338794222	
11.283419623152662	
11.31099018	
11.340197153449864	
11.288573186254418	
11.419369808001512	
11.256070256610471	
11.256633470794906	
11.206512417113334	
11.363360961898156	
11.31005921	
11.203414254216957	
11.204426136112694	
11.337231960543043	
11.522797924163786	
11.495653571896785	
11.548047362868397	
11.415358498008631	
11.36378335796899	
11.470430698750397	
11.759325500211707	
11.52822018122257	
11.502842401624354	
11.736320947859177	
11.83341003333629	
11.910298572664358	
11.833367070512072	
11.886285896416236	
11.626735524920651	
11.493709176868059	
11.28049948437578	
11.336805209412052	
11.470051101269338	
11.52324195991737	
11.469625637622396	